10

15
318
226
329
238
377
326
391
394
328
412
426
280
211
327
328

15
363
272
69
153
299
75
297
366
170
422
387
33
415
21
309

15
83
323
233
389
383
1
360
408
442
26
23
386
446
123
99

15
3
276
430
40
21
446
389
430
95
130
354
424
255
142
18

15
136
339
370
105
347
44
402
221
296
175
410
433
16
90
390

15
293
267
116
302
213
414
41
344
185
119
336
266
434
187
87

15
97
57
191
351
299
448
400
145
268
86
364
209
23
450
88

15
440
211
374
105
446
13
42
70
151
269
160
256
150
333
244

15
28
446
289
196
441
245
90
47
44
416
255
425
121
221
275

15
369
303
109
399
75
449
67
239
1
9
6
299
138
296
379

