29 91
20 25
28 19
13 10
23 1
2 25
2 19
26 8
1 2
17 16
9 13
3 12
14 1
4 16
28 6
26 9
4 3
22 8
17 23
15 26
13 10
21 16
24 7
8 9
25 16
21 25
7 4
25 23
1 12
17 28
7 29
23 5
4 3
25 7
24 13
14 11
18 29
6 26
6 12
20 13
8 1
25 11
4 6
17 20
11 26
17 26
22 17
11 10
9 18
1 28
9 24
23 6
3 18
22 28
4 8
29 12
22 3
9 24
14 17
13 25
13 24
4 29
2 6
23 6
4 2
17 15
20 4
22 11
1 14
13 14
17 4
7 12
27 9
17 15
2 12
27 22
13 15
12 22
28 14
7 26
11 23
27 24
26 22
28 19
24 26
22 11
15 11
11 28
5 12
15 27
11 27
4 13

35 90
10 22
5 19
9 29
9 6
13 33
19 19
14 9
7 28
3 31
30 29
22 30
22 1
35 21
22 35
29 14
19 30
25 35
13 10
11 11
29 14
13 4
19 20
1 29
4 19
22 1
22 29
9 25
33 10
33 33
8 24
30 19
13 26
32 14
34 6
32 12
10 33
1 18
2 29
22 8
14 11
18 15
17 10
9 7
32 33
30 12
22 23
30 33
3 1
26 11
25 4
24 12
25 32
9 31
16 33
31 33
32 34
28 23
28 33
20 5
5 32
5 27
28 24
21 6
30 5
28 22
1 11
9 19
34 5
27 5
35 28
8 10
35 22
26 19
12 8
6 7
8 24
10 31
12 20
22 27
14 12
31 9
34 1
29 3
16 13
2 9
29 7
18 22
15 27
28 27
27 25

0 0
